KNC=001 NKA=123 NVT=08566 NIZ=612 DAT=20.11.2008
ITNP
29310 2497202.600 -6340.182 
29311 2490863.677 -6336.908 
29312 2484528.104 -6333.601 
29313 2478195.558 -6330.262 
29314 2471866.976 -6326.947 
29315 2465541.448 -6323.593 
29316 2459219.676 -6320.158 
29317 2452901.341 -6316.650 
29318 2446586.458 -6313.152 
29319 2440275.234 -6309.651 
29320 2433967.044 -6306.081 
29321 2427662.921 -6302.472 
29322 2421362.084 -6298.787 
29323 2415065.225 -6295.104 
29324 2408771.841 -6291.390 
29325 2402482.681 -6287.632 
29326 2396196.833 -6283.869 
29327 2389914.879 -6280.009 
29328 2383636.804 -6276.140 
29329 2377362.671 -6272.262 
29330 2371092.357 -6268.314 
29331 2364825.970 -6264.294 
29332 2358563.873 -6260.267 
29333 2352305.287 -6256.228 
29334 2346051.400 -6252.091 
29335 2339801.308 -6247.917 
29336 2333555.450 -6243.751 
29337 2327313.883 -6239.542 
29338 2321076.309 -6235.248 
29339 2314843.466 -6230.907 
29340 2308614.373 -6226.571 
29341 2302390.223 -6222.168 
29342 2296170.412 -6217.720 
29343 2289954.785 -6213.250 
29344 2283743.893 -6208.692 
29345 2277537.363 -6204.094 
29346 2271335.685 -6199.487 
29347 2265138.441 -6194.816 
29348 2258945.870 -6190.095 
29349 2252758.290 -6185.331 
29350 2246575.221 -6180.501 
29351 2240397.283 -6175.638 
29352 2234224.049 -6170.748 
29353 2228055.986 -6165.790 
29354 2221892.620 -6160.767 
29355 2215734.329 -6155.729 
29356 2209581.142 -6150.623 
29357 2203433.194 -6145.450 
29358 2197290.371 -6140.240 
29359 2191152.602 -6134.996 
29360 2185020.312 -6129.681 
29361 2178893.451 -6124.317 
29362 2172771.468 -6118.899 
29363 2166655.565 -6113.413 
29364 2160544.905 -6107.885 
29365 2154439.925 -6102.304 
29366 2148340.328 -6096.668 
29367 2142246.556 -6090.977 
29368 2136158.039 -6085.226 
29369 2130076.023 -6079.434 
29370 2123999.517 -6073.570 
29371 2117928.773 -6067.621 
29372 2111864.143 -6061.655 
29373 2105805.728 -6055.624 
29374 2099753.058 -6049.511 
29375 2093706.309 -6043.350 
29376 2087666.464 -6037.128 
29377 2081632.319 -6030.833 
29378 2075604.685 -6024.497 
29379 2069583.590 -6018.096 
29380 2063568.464 -6011.601 
29381 2057560.292 -6005.073 
29382 2051558.362 -5998.469 
29383 2045563.058 -5991.790 
29384 2039574.805 -5985.063 
29385 2033593.344 -5978.260 
29386 2027618.266 -5971.390 
29387 2021650.845 -5964.439 
29388 2015689.828 -5957.429 
29389 2009736.158 -5950.359 
29390 2003789.810 -5943.207 
29391 1997850.652 -5935.977 
29392 1991916.612 -5928.680 
29393 1985990.458 -5921.325 
29394 1980073.158 -5913.885 
29395 1974163.246 -5906.361 
29396 1968261.088 -5898.769 
29397 1962366.486 -5891.102 
29398 1956479.531 -5883.358 
29399 1950599.998 -5875.545 
29400 1944728.504 -5867.636 
29401 1938864.540 -5859.658 
29402 1933009.161 -5851.605 
29403 1927161.872 -5843.455 
29404 1921322.201 -5835.231 
29405 1915491.028 -5826.927 
29406 1909668.294 -5818.532 
29407 1903854.251 -5810.065 
29408 1898048.415 -5801.503 
29409 1892251.050 -5792.857 
29410 1886462.621 -5784.124 
29411 1880683.131 -5775.302 
29412 1874911.907 -5766.391 
29413 1869150.135 -5757.384 
29414 1863397.228 -5748.298 
29415 1857653.636 -5739.115 
29416 1851919.013 -5729.832 
29417 1846194.172 -5720.470 
29418 1840478.233 -5711.003 
29419 1834771.739 -5701.436 
29420 1829075.215 -5691.782 
29421 1823388.331 -5682.027 
29422 1817711.413 -5672.167 
29423 1812044.064 -5662.212 
29424 1806387.085 -5652.156 
29425 1800739.827 -5641.997 
29426 1795102.936 -5631.735 
29427 1789476.406 -5621.369 
29428 1783860.178 -5610.905 
29429 1778254.653 -5600.323 
29430 1772659.616 -5589.631 
29431 1767075.558 -5578.837 
29432 1761501.757 -5567.933 
29433 1755939.642 -5556.916 
29434 1750388.225 -5545.787 
29435 1744848.184 -5534.544 
29436 1739319.203 -5523.190 
29437 1733801.725 -5511.712 
29438 1728295.859 -5500.117 
29439 1722801.825 -5488.419 
29440 1717318.800 -5476.592 
29441 1711848.279 -5464.641 
29442 1706389.490 -5452.571 
29443 1700943.196 -5440.379 
29444 1695509.023 -5428.056 
29445 1690087.189 -5415.609 
29446 1684677.872 -5403.040 
29447 1679281.228 -5390.335 
29448 1673897.236 -5377.508 
29449 1668526.027 -5364.544 
29450 1663168.231 -5351.447 
29451 1657823.256 -5338.218 
29452 1652491.675 -5324.850 
29453 1647173.877 -5311.355 
29454 1641868.985 -5297.710 
29455 1636578.237 -5283.931 
29456 1631301.391 -5270.009 
29457 1626038.284 -5255.948 
29458 1620789.269 -5241.739 
29459 1615554.942 -5227.388 
29460 1610334.546 -5212.888 
29461 1605129.094 -5198.235 
29462 1599938.540 -5183.440 
29463 1594762.353 -5168.491 
29464 1589601.170 -5153.390 
29465 1584455.609 -5138.132 
29466 1579325.008 -5122.720 
29467 1574210.189 -5107.149 
29468 1569110.830 -5091.419 
29469 1564027.494 -5075.533 
29470 1558959.652 -5059.481 
29471 1553908.360 -5043.266 
29472 1548873.181 -5026.878 
29473 1543854.645 -5010.329 
29474 1538852.864 -4993.618 
29475 1533867.336 -4976.729 
29476 1528899.442 -4959.667 
29477 1523948.349 -4942.438 
29478 1519014.594 -4925.018 
29479 1514098.243 -4907.444 
29480 1509199.648 -4889.678 
29481 1504319.045 -4871.738 
29482 1499456.113 -4853.615 
29483 1494611.823 -4835.306 
29484 1489785.708 -4816.812 
29485 1484978.063 -4798.130 
29486 1480189.451 -4779.262 
29487 1475419.549 -4760.206 
29488 1470668.981 -4740.952 
29489 1465937.839 -4721.508 
29490 1461226.099 -4701.870 
29491 1456534.104 -4682.032 
29492 1451862.185 -4661.999 
29493 1447210.343 -4641.765 
29494 1442578.559 -4621.324 
29495 1437967.672 -4600.687 
29496 1433377.549 -4579.843 
29497 1428808.104 -4558.790 
29498 1424259.973 -4537.525 
29499 1419733.148 -4516.053 
29500 1415227.454 -4494.371 
29501 1410744.493 -4472.473 
29502 1406282.784 -4450.360 
29503 1401843.938 -4428.028 
29504 1397426.909 -4405.481 
29505 1393032.956 -4382.710 
29506 1388661.831 -4359.720 
29507 1384313.676 -4336.504 
29508 1379989.052 -4313.067 
29509 1375687.473 -4289.398 
29510 1371410.274 -4265.502 
29511 1367156.574 -4241.377 
29512 1362927.259 -4217.019 
29513 1358722.720 -4192.428 
29514 1354542.508 -4167.605 
29515 1350387.556 -4142.547 
29516 1346257.838 -4117.251 
29517 1342152.933 -4091.713 
29518 1338074.280 -4065.936 
29519 1334021.456 -4039.915 
29520 1329994.691 -4013.655 
29521 1325994.140 -3987.149 
29522 1322020.126 -3960.397 
29523 1318073.241 -3933.398 
29524 1314153.259 -3906.150 
29525 1310261.258 -3878.654 
29526 1306396.446 -3850.903 
29527 1302559.563 -3822.903 
29528 1298750.741 -3794.655 
29529 1294970.248 -3766.145 
29530 1291218.658 -3737.382 
29531 1287495.479 -3708.363 
29532 1283801.597 -3679.089 
29533 1280137.610 -3649.553 
29534 1276502.684 -3619.760 
29535 1272897.931 -3589.711 
29536 1269323.389 -3559.396 
29537 1265779.206 -3528.822 
29538 1262265.588 -3497.984 
29539 1258783.364 -3466.885 
29540 1255331.989 -3435.525 
29541 1251912.751 -3403.898 
29542 1248524.525 -3372.009 
29543 1245168.376 -3339.854 
29544 1241844.890 -3307.435 
29545 1238553.862 -3274.754 
29546 1235295.306 -3241.808 
29547 1232070.225 -3208.592 
29548 1228878.561 -3175.113 
29549 1225720.148 -3141.367 
29550 1222595.792 -3107.357 
29551 1219505.646 -3073.082 
29552 1216449.495 -3038.543 
29553 1213428.462 -3003.743 
29554 1210442.429 -2968.674 
29555 1207491.191 -2933.345 
29556 1204575.694 -2897.752 
29557 1201695.879 -2861.894 
29558 1198852.117 -2825.777 
29559 1196044.582 -2789.399 
29560 1193273.043 -2752.760 
29561 1190539.187 -2715.865 
29562 1187841.583 -2678.713 
29563 1185181.426 -2641.304 
29564 1182559.069 -2603.639 
29565 1179974.356 -2565.718 
29566 1177427.591 -2527.547 
29567 1174919.444 -2489.124 
29568 1172449.478 -2450.453 
29569 1170018.444 -2411.535 
29570 1167626.322 -2372.373 
29571 1165274.106 -2332.965 
29572 1162960.548 -2293.315 
29573 1160687.214 -2253.437 
29574 1158453.714 -2213.309 
29575 1156260.714 -2172.953 
29576 1154108.035 -2132.362 
29577 1151996.192 -2091.545 
29578 1149925.040 -2050.498 
29579 1147895.056 -2009.230 
29580 1145906.648 -1967.738 
29581 1143959.847 -1926.035 
29582 1142054.712 -1884.115 
29583 1140191.614 -1841.981 
29584 1138370.915 -1799.639 
29585 1136592.566 -1757.093 
29586 1134856.782 -1714.350 
29587 1133163.642 -1671.407 
29588 1131513.879 -1628.269 
29589 1129907.418 -1584.945 
29590 1128344.105 -1541.434 
29591 1126824.556 -1497.738 
29592 1125348.724 -1453.867 
29593 1123917.042 -1409.824 
29594 1122529.538 -1365.606 
29595 1121185.746 -1321.236 
29596 1119886.579 -1276.701 
29597 1118632.342 -1232.006 
29598 1117422.882 -1187.165 
29599 1116258.107 -1142.176 
29600 1115138.566 -1097.048 
29601 1114063.951 -1051.785 
29602 1113034.808 -1006.391 
29603 1112051.442 -960.871 
29604 1111113.474 -915.229 
29605 1110221.059 -869.470 
29606 1109374.281 -823.605 
29607 1108573.664 -777.638 
29608 1107819.153 -731.569 
29609 1107110.644 -685.405 
29610 1106448.310 -639.156 
29611 1105832.340 -592.824 
29612 1105262.850 -546.417 
29613 1104739.605 -499.939 
29614 1104262.959 -453.395 
29615 1103832.682 -406.790 
29616 1103449.145 -360.137 
29617 1103112.348 -313.432 
29618 1102822.519 -266.689 
29619 1102578.943 -219.910 
29620 1102382.637 -173.099 
29621 1102232.895 -126.267 
29622 1102130.023 -79.419 
29623 1102074.136 -32.559 
29624 1102064.702 14.306 
29625 1102102.607 61.171 
29626 1102187.181 108.032 
29627 1102318.653 154.876 
29628 1102496.954 201.702 
29629 1102722.191 248.503 
29630 1102993.830 295.274 
29631 1103312.603 342.008 
29632 1103678.089 388.698 
29633 1104089.864 435.340 
29634 1104548.630 481.930 
29635 1105053.887 528.458 
29636 1105605.659 574.917 
29637 1106203.861 621.308 
29638 1106848.382 667.619 
29639 1107538.897 713.848 
29640 1108275.845 759.984 
29641 1109058.825 806.030 
29642 1109887.867 851.977 
29643 1110762.656 897.812 
29644 1111683.262 943.539 
29645 1112649.729 989.151 
29646 1113661.726 1034.637 
29647 1114719.289 1080.000 
29648 1115821.602 1125.230 
29649 1116969.344 1170.325 
29650 1118162.201 1215.278 
29651 1119399.982 1260.085 
29652 1120682.401 1304.740 
29653 1122009.484 1349.234 
29654 1123380.797 1393.575 
29655 1124796.564 1437.744 
29656 1126256.324 1481.744 
29657 1127759.927 1525.574 
29658 1129307.438 1569.223 
29659 1130898.356 1612.691 
29660 1132532.895 1655.969 
29661 1134210.263 1699.061 
29662 1135930.669 1741.956 
29663 1137693.972 1784.655 
29664 1139500.132 1827.151 
29665 1141348.430 1869.443 
29666 1143238.846 1911.526 
29667 1145171.258 1953.399 
29668 1147145.542 1995.055 
29669 1149161.291 2036.491 
29670 1151218.431 2077.712 
29671 1153316.808 2118.704 
29672 1155455.711 2159.470 
29673 1157635.735 2200.007 
29674 1159855.646 2240.311 
29675 1162115.943 2280.381 
29676 1164416.359 2320.215 
29677 1166756.267 2359.812 
29678 1169136.161 2399.166 
29679 1171554.784 2438.273 
29680 1174012.469 2477.137 
29681 1176508.879 2515.755 
29682 1179043.695 2554.124 
29683 1181617.248 2592.242 
29684 1184228.292 2630.106 
29685 1186877.377 2667.718 
29686 1189563.664 2705.077 
29687 1192287.264 2742.180 
29688 1195047.900 2779.020 
29689 1197845.337 2815.606 
29690 1200679.064 2851.931 
29691 1203548.928 2887.998 
29692 1206454.844 2923.802 
29693 1209396.829 2959.344 
29694 1212373.459 2994.625 
29695 1215385.709 3029.643 
29696 1218432.915 3064.397 
29697 1221514.303 3098.884 
29698 1224630.540 3133.109 
29699 1227780.609 3167.070 
29700 1230964.511 3200.768 
29701 1234182.108 3234.198 
29702 1237432.922 3267.367 
29703 1240716.798 3300.268 
29704 1244032.898 3332.906 
29705 1247382.325 3365.278 
29706 1250763.568 3397.390 
29707 1254176.965 3429.238 
29708 1257622.095 3460.818 
29709 1261098.573 3492.136 
29710 1264606.214 3523.195 
29711 1268144.680 3553.994 
29712 1271714.206 3584.526 
29713 1275313.855 3614.801 
29714 1278943.687 3644.817 
29715 1282603.378 3674.571 
29716 1286292.769 3704.072 
29717 1290011.375 3733.310 
29718 1293759.296 3762.293 
29719 1297536.019 3791.023 
29720 1301341.301 3819.495 
29721 1305174.992 3847.719 
29722 1309036.516 3875.687 
29723 1312926.098 3903.405 
29724 1316843.385 3930.874 
29725 1320787.942 3958.095 
29726 1324759.391 3985.067 
29727 1328757.968 4011.793 
29728 1332782.993 4038.275 
29729 1336834.189 4064.510 
29730 1340911.861 4090.507 
29731 1345015.405 4116.264 
29732 1349144.416 4141.779 
29733 1353298.781 4167.056 
29734 1357478.365 4192.099 
29735 1361683.002 4216.906 
29736 1365912.267 4241.477 
29737 1370165.821 4265.817 
29738 1374443.941 4289.924 
29739 1378745.915 4313.816 
29740 1383071.517 4337.456 
29741 1387420.654 4360.890 
29742 1391793.264 4384.093 
29743 1396188.736 4407.073 
29744 1400607.506 4429.833 
29745 1405048.302 4452.375 
29746 1409512.095 4474.698 
29747 1413997.690 4496.803 
29748 1418505.746 4518.695 
29749 1423035.126 4540.377 
29750 1427586.373 4561.846 
29751 1432158.953 4583.107 
29752 1436752.437 4604.158 
29753 1441366.956 4625.002 
29754 1446002.368 4645.645 
29755 1450658.064 4666.085 
29756 1455334.456 4686.321 
29757 1460030.959 4706.360 
29758 1464747.390 4726.200 
29759 1469483.156 4745.844 
29760 1474238.816 4765.297 
29761 1479013.807 4784.553 
29762 1483807.707 4803.622 
29763 1488621.218 4822.499 
29764 1493453.046 4841.185 
29765 1498303.272 4859.694 
29766 1503172.385 4878.015 
29767 1508059.306 4896.152 
29768 1512964.459 4914.109 
29769 1517887.753 4931.887 
29770 1522828.198 4949.490 
29771 1527786.611 4966.913 
29772 1532761.934 4984.164 
29773 1537754.826 5001.245 
29774 1542764.618 5018.149 
29775 1547791.168 5034.887 
29776 1552834.185 5051.460 
29777 1557893.838 5067.861 
29778 1562969.901 5084.098 
29779 1568062.536 5100.178 
29780 1573170.369 5116.095 
29781 1578294.410 5131.845 
29782 1583433.848 5147.446 
29783 1588588.905 5162.887 
29784 1593759.827 5178.167 
29785 1598945.561 5193.300 
29786 1604146.573 5208.279 
29787 1609361.917 5223.106 
29788 1614592.603 5237.787 
29789 1619837.540 5252.315 
29790 1625097.106 5266.708 
29791 1630370.631 5280.951 
29792 1635658.773 5295.040 
29793 1640961.008 5308.999 
29794 1646276.985 5322.818 
29795 1651606.704 5336.490 
29796 1656949.910 5350.025 
29797 1662306.885 5363.435 
29798 1667677.083 5376.702 
29799 1673060.211 5389.833 
29800 1678456.472 5402.835 
29801 1683865.898 5415.706 
29802 1689288.165 5428.452 
29803 1694722.498 5441.068 
29804 1700170.080 5453.551 
29805 1705629.710 5465.913 
29806 1711101.766 5478.157 
29807 1716585.997 5490.275 
29808 1722082.301 5502.268 
29809 1727590.486 5514.142 
29810 1733110.578 5525.891 
29811 1738642.281 5537.527 
29812 1744185.625 5549.056 
29813 1749740.318 5560.463 
29814 1755306.261 5571.748 
29815 1760883.727 5582.922 
29816 1766472.272 5593.988 
29817 1772071.703 5604.954 
29818 1777682.183 5615.798 
29819 1783303.504 5626.531 
29820 1788935.546 5637.155 
29821 1794577.567 5647.681 
29822 1800230.736 5658.112 
29823 1805893.945 5668.428 
29824 1811567.413 5678.637 
29825 1817251.132 5688.747 
29826 1822944.792 5698.758 
29827 1828648.570 5708.675 
29828 1834362.180 5718.487 
29829 1840085.568 5728.194 
29830 1845818.753 5737.813 
29831 1851561.305 5747.342 
29832 1857313.510 5756.771 
29833 1863074.673 5766.103 
29834 1868845.457 5775.344 
29835 1874625.317 5784.500 
29836 1880414.222 5793.560 
29837 1886212.522 5802.530 
29838 1892019.473 5811.413 
29839 1897835.367 5820.207 
29840 1903660.036 5828.885 
29841 1909493.374 5837.530 
29842 1915335.219 5846.075 
29843 1921185.377 5854.538 
29844 1927044.311 5862.906 
29845 1932910.954 5871.187 
29846 1938786.608 5879.391 
29847 1944670.015 5887.517 
29848 1950561.563 5895.560 
29849 1956461.388 5903.527 
29850 1962368.690 5911.414 
29851 1968284.466 5919.233 
29852 1974207.101 5926.968 
29853 1980138.109 5934.617 
29854 1986076.568 5942.200 
29855 1992022.548 5949.708 
29856 1997975.919 5957.141 
29857 2003936.613 5964.514 
29858 2009905.004 5971.803 
29859 2015880.350 5979.013 
29860 2021863.214 5986.173 
29861 2027852.781 5993.251 
29862 2033849.571 6000.253 
29863 2039853.417 6007.205 
29864 2045864.146 6014.080 
29865 2051881.532 6020.877 
29866 2057905.725 6027.628 
29867 2063936.724 6034.301 
29868 2069974.628 6040.912 
29869 2076018.448 6047.457 
29870 2082069.343 6053.941 
29871 2088126.423 6060.361 
29872 2094190.122 6066.719 
29873 2100260.027 6073.015 
29874 2106336.526 6079.250 
29875 2112418.686 6085.426 
29876 2118507.378 6091.539 
29877 2124601.914 6097.593 
29878 2130702.584 6103.588 
29879 2136808.938 6109.526 
29880 2142921.697 6115.408 
29881 2149039.884 6121.242 
29882 2155164.292 6126.998 
29883 2161293.978 6132.697 
29884 2167429.674 6138.380 
29885 2173570.787 6143.985 
29886 2179717.795 6149.518 
29887 2185870.026 6155.011 
29888 2192027.809 6160.455 
29889 2198190.966 6165.844 
29890 2204359.306 6171.198 
29891 2210533.478 6176.500 
29892 2216712.524 6181.720 
29893 2222896.878 6186.887 
29894 2229086.107 6192.019 
29895 2235280.829 6197.104 
29896 2241480.892 6202.158 
29897 2247685.667 6207.148 
29898 2253895.406 6212.088 
29899 2260109.782 6216.983 
29900 2266329.235 6221.826 
29901 2272553.384 6226.625 
29902 2278782.549 6231.352 
29903 2285016.670 6236.079 
29904 2291254.932 6240.739 
29905 2297497.901 6245.355 
29906 2303745.665 6249.927 
29907 2309998.179 6254.455 
29908 2316254.886 6258.940 
29909 2322515.820 6263.379 
29910 2328781.485 6267.778 
29911 2335051.561 6272.136 
29912 2341325.777 6276.443 
29913 2347604.571 6280.713 
29914 2353887.526 6284.945 
29915 2360174.383 6289.131 
29916 2366465.900 6293.281 
29917 2372761.114 6297.391 
29918 2379060.585 6301.488 
29919 2385364.223 6305.485 
29920 2391672.039 6309.475 
29921 2397983.419 6313.430 
